# Created by Octave 4.0.0, Wed Nov 29 09:19:46 2017 EST <peter@peter-Latitude-E7240>
# name: gr
# type: matrix
# rows: 2
# columns: 384
 0.01697965227156642 0.01651735064846102 0.01640950632627862 0.01674726697755616 0.01681686353900632 0.01713193917352022 0.01669231147145629 0.01630797497298125 0.0169806514085052 0.01626874334216318 0.01698010520117092 0.01646831518588573 0.01660501686396739 0.01695946804290615 0.01652108102144621 0.01671241839930597 0.01731322185839437 0.01623178915801521 0.01743579363512328 0.01675095093895618 0.01663377868557241 0.01666313559084965 0.0167710322119629 0.01686073330579004 0.01683450916320324 0.01628385501261208 0.01699638147044873 0.01653590004950047 0.01648370796544208 0.01635640521048012 0.01683015115211169 0.01692140146666209 0.01684327155795971 0.01729331411748487 0.01710059670911533 0.01689628042993697 0.01727718729059688 0.01669539477668423 0.01666542181592556 0.01699560452365706 0.01668141110680826 0.01700381825994067 0.017194739575632 0.01687656689941573 0.01676857263452719 0.0171867477457681 0.01637949937452653 0.016484566113229 0.01702840217297063 0.0165273525178188 0.01681921433447075 0.01660968561012214 0.01672562378264829 0.01733079074774351 0.01708941351545037 0.01712674647413957 0.01625223409092428 0.01695110968852772 0.01701782834375785 0.01669922267538386 0.0169992659342791 0.01702117396809052 0.01684241978645052 0.01661585134569108 0.01705848032296233 0.01685477113443324 0.01680419219635578 0.01717824349047288 0.01686099239309819 0.01693360157531061 0.01690718003520804 0.01699994093236 0.01693543726826787 0.01669655382145937 0.01689459506443829 0.01672661520753858 0.01732909987427394 0.01669237544323368 0.01673844692647295 0.01669649612834479 0.01694341783748436 0.01717112797260339 0.01707726406453687 0.01719730781981416 0.01702037468426102 0.01707728967597515 0.01716331756460327 0.01712244259401913 0.01700804614588822 0.01667952892423941 0.01705200098871733 0.01747156713003748 0.01684628192390339 0.01734237678274991 0.0165590915365272 0.01716553288539173 0.01738432765350736 0.01702427330688294 0.01681217312945262 0.01667327490377695 0.01683068385464335 0.01673323796863349 0.01698444002956345 0.01726174314033036 0.01649811542075863 0.01673349364401338 0.01678225089828815 0.01678199437893408 0.01663414066502757 0.01672457929379762 0.01709607916841232 0.01649908372967891 0.01711576779279853 0.01708618152693559 0.01717619284728053 0.01725633631312272 0.01711645703196167 0.01701883481898904 0.01716391530499705 0.01677927362244084 0.01698851143754497 0.01686729721275023 0.01705697057820129 0.0170376666127059 0.01712847268931803 0.01707259878908445 0.01708174749921093 0.01670761974486202 0.01691155965092702 0.01714370003456371 0.01658509418936684 0.01659520622230259 0.01704304424025601 0.01673776953981374 0.01670700230001804 0.01711061740551156 0.01686600084362958 0.01645313363069458 0.01714659966246528 0.01679511551223361 0.01699702074948549 0.01715047760861488 0.01693042041130848 0.01709651844690527 0.01694115006910898 0.01658070570978424 0.01636413174147028 0.01700378067211099 0.01676945611562888 0.01711351550323743 0.01690221479134037 0.01653516789345546 0.01673516227166313 0.01667243065445765 0.01715771235498849 0.0165142043654015 0.01690813758687253 0.01696019196818845 0.01634919164564566 0.01641406694080767 0.01693886109765849 0.01660896875752451 0.01726489097597882 0.01736791150141141 0.01675520159985968 0.01692369701899505 0.01679754588515678 0.01654621800394471 0.01721663603119958 0.01654484917323392 0.01685810848952525 0.01684880297350758 0.01672550758059213 0.01664662185229229 0.01654268689663877 0.01672004765951266 0.01665385974198061 0.01741404193618284 0.01694545163949071 0.01715865949336069 0.016953630980778 0.0167058442351567 0.01694522732740912 0.01672427983970777 0.0168425185393145 0.01693905669245141 0.01707280113964397 0.01697023223371462 0.01659011188108827 0.01697022616046956 0.01656388365111483 0.01675181190974211 0.01685570963258278 0.01685325740615236 0.01693057244092081 0.01681589815513272 0.01645700874391857 0.01707098847635917 0.01718979625005461 0.0163244040391778 0.01676672673905387 0.01681397728494324 0.01697755802013572 0.01640583061976509 0.01670617452830159 0.01666670170291127 0.01651798910955199 0.01674870370467959 0.01687067928442272 0.0165702228171051 0.0163048550592449 0.01668817760441508 0.01631948432506593 0.01697804489243326 0.01726117305379847 0.01606216189890678 0.01625182476355077 0.01659618254680521 0.01632184992670368 0.01669994448669221 0.01687796421444993 0.01657619459310906 0.01714329571967247 0.0163980106408806 0.01731636415836985 0.01727173471468444 0.0170161171155048 0.01748434228022789 0.01681157441141453 0.01672980593762418 0.01690237421612684 0.01681186731063691 0.01695275712699151 0.01672731334181818 0.01646870091079724 0.01719866570142 0.0171087916236284 0.01692939175563702 0.01664320900005262 0.01707974872342482 0.01717428183894746 0.01668926571291028 0.01758505959099686 0.01677122438766194 0.01702884829258341 0.01667380850778815 0.01749011597629238 0.01703427245291424 0.01733267093702755 0.01691798108649135 0.01658446888806157 0.01676370880027705 0.01733682882073515 0.01706427629586483 0.01685130314196574 0.01709037315798799 0.01691138266456615 0.01659200930947185 0.01679216871399559 0.0166005683462124 0.01690544777890792 0.01649384957986843 0.01693902083056688 0.01655314093343509 0.01664827172683949 0.01669865105467517 0.01667462170371494 0.01654469966190706 0.0166714382954374 0.01683527093693385 0.01686454025117422 0.01649986156952419 0.01674316778121981 0.01655278179027678 0.01657120805791183 0.01670358616736917 0.01641168226503296 0.01696562556004913 0.01658590223508095 0.01642636577550353 0.01672137232764478 0.01648042237844007 0.01680959406571648 0.01717771446740322 0.01681265300870972 0.01670476366690535 0.01679081406261428 0.01608375755239046 0.01663821570661441 0.01659431737899168 0.01674424702734082 0.01654551978107498 0.01653447822591045 0.01651101074109814 0.01688191353710809 0.01653652622993216 0.01629071453854689 0.01662417779746583 0.01641799756069283 0.01688085306454844 0.01612715333823615 0.01675809802131941 0.01630646919739867 0.01614181619509825 0.0167838330582067 0.01632783233307934 0.01648053002009233 0.01635372315197326 0.016312871538337 0.01701602616462593 0.01656045452740124 0.01649253186639507 0.01631096841411439 0.01618914942043132 0.01641574797179219 0.01649300378127446 0.01637764403423791 0.01621964430609465 0.01676558767032153 0.01647821540433722 0.01641998722071904 0.01683689123127377 0.01652184612516613 0.0169244529297288 0.01719440632801229 0.01676804060045649 0.01676946237637621 0.01659776442326285 0.0169334894443344 0.0163463031253334 0.01658805642054453 0.01686865300638651 0.01673733466060448 0.01664443572586147 0.01673993392983181 0.01645482819472133 0.01721740508161333 0.01680431200942631 0.01624881195589737 0.01695029087025406 0.01661349225828552 0.01641098633823318 0.01647424533328744 0.0160778560352752 0.01675778068262861 0.01660275671555434 0.01617980219843575 0.01647389927539692 0.01656565084136806 0.01660249293283419 0.01654207254508902 0.01681728815984706 0.01661680715586038 0.01713293216430119 0.01690864670518514 0.01651119916381902 0.01673085520130833 0.01695035807399922 0.01660844694298971 0.01686514700435622 0.01672947724497812 0.01695540846379007 0.01692982168472439 0.01689360713204917 0.01696904238185453 0.01670137091501564 0.01704988023068566 0.01637625859039861 0.01666789583459741 0.01644582136471673 0.01657854498249877 0.01676230922400992 0.01677301544188528 0.01711072349818473 0.01633715839200721 0.01657205980764267 0.01667334886680665 0.01628826223120288 0.01692034691599813 0.01670513405077786 0.01685263503982667 0.01660885707055276 0.01671024181179582 0.01722456094056995
